[gd_scene load_steps=3 format=2]

[ext_resource path="res://models/map/plane.tscn" type="PackedScene" id=1]
[ext_resource path="res://models/map/environment/bb.tscn" type="PackedScene" id=2]

[node name="cene" type="Spatial"]

[node name="plane" parent="." instance=ExtResource( 1 )]

[node name="cene" parent="." instance=ExtResource( 2 )]

[node name="cene2" parent="." instance=ExtResource( 2 )]
transform = Transform( -0.00119202, 0, -0.999999, 0, 1, 0, 0.999999, 0, -0.00119202, 219.914, 0, 100.892 )

[node name="cene3" parent="." instance=ExtResource( 2 )]
transform = Transform( -0.999626, 0, 0.0273669, 0, 1, 0, -0.0273669, 0, -0.999626, -223.123, 0, 146.246 )

[node name="cene4" parent="." instance=ExtResource( 2 )]
transform = Transform( -0.0845714, 0, 0.996417, 0, 1, 0, -0.996417, 0, -0.0845714, -141.175, 0, -219.54 )

[node name="cene5" parent="." instance=ExtResource( 2 )]
transform = Transform( 0.998588, 0, 0.0531178, 0, 1, 0, -0.0531178, 0, 0.998588, 167.229, 0, -219.54 )

[node name="cene6" parent="." instance=ExtResource( 2 )]
transform = Transform( 0.998588, 0, 0.0531178, 0, 1, 0, -0.0531178, 0, 0.998588, 22.6287, 0, 298.468 )

[node name="cene7" parent="." instance=ExtResource( 2 )]
transform = Transform( 0.998588, 0, 0.0531178, 0, 1, 0, -0.0531178, 0, 0.998588, 4.23392, 0, -465.23 )

[node name="cene8" parent="." instance=ExtResource( 2 )]
transform = Transform( -0.0270497, 0, -0.999634, 0, 1, 0, 0.999634, 0, -0.0270497, -387.335, 0, -41.9678 )
