[gd_scene load_steps=2 format=2]

[sub_resource type="SpatialMaterial" id=1]
albedo_color = Color( 0.45098, 0.470588, 0.145098, 1 )

[node name="grass" type="Spatial"]

[node name="CSGPolygon" type="CSGPolygon" parent="."]
transform = Transform( 0.934557, 0.355814, 0, -0.355814, 0.934557, 0, 0, 0, 1, 0, -0.108956, 0 )
polygon = PoolVector2Array( 0, 0, 0, 0, 0, 2, 0.5, 0 )
mode = 1
spin_degrees = 360.0
spin_sides = 3
material = SubResource( 1 )

[node name="CSGPolygon2" type="CSGPolygon" parent="."]
transform = Transform( 0.0796921, 0.0303412, 0.996358, -0.355814, 0.934557, 0, -0.931153, -0.354518, 0.0852727, 0, -0.108956, -0.455057 )
polygon = PoolVector2Array( 0, 0, 0, 0, 0, 2, 0.5, 0 )
mode = 1
spin_degrees = 360.0
spin_sides = 3
material = SubResource( 1 )

[node name="CSGPolygon3" type="CSGPolygon" parent="."]
transform = Transform( -0.743905, -0.283227, -0.605299, -0.355814, 0.934557, 0, 0.565687, 0.215374, -0.795998, -0.295528, -0.108956, 0.0438775 )
polygon = PoolVector2Array( 0, 0, 0, 0, 0, 2, 0.5, 0 )
mode = 1
spin_degrees = 360.0
spin_sides = 3
material = SubResource( 1 )
